231.41 143.49
99.32 151.99
54.35 105.68
228.66 403.3
21.53 24.74
211.10 187.72
38.99 490.76
135.38 381.87
221.83 229.0
261.15 196.0
223.26 286.65
82.14 33.48
49.30 13.25
416.57 163.14
492.79 125.32
197.69 266.25
452.28 162.2
349.35 348.2
255.45 389.2
183.94 57.85
242.37 328.88
41.29 201.50
125.0 241.88
346.52 182.43
498.92 467.34
-214.86 255.6
-84.22 405.40
-110.66 29.49
-470.28 8.45
-275.68 74.60
-87.14 263.34
-150.75 427.44
-253.31 263.90
-183.51 348.72
-269.60 263.23
-493.82 325.73
-191.62 59.96
-86.33 373.88
-81.41 86.32
-493.50 153.89
-11.74 142.72
-26.66 111.60
-426.99 290.70
-399.14 70.21
-494.35 121.55
-346.36 438.5
-402.10 239.26
-127.9 259.73
-386.84 329.36
-289.91 277.25
-66.19 -482.19
-335.55 -439.48
-292.15 -270.48
-439.18 -466.53
-244.52 -418.46
-120.9 -429.89
-355.1 -216.48
-426.7 -433.52
-295.72 -236.83
-358.87 -392.11
-123.43 -215.47
-493.33 -133.29
-353.71 -253.94
-212.57 -168.21
-486.65 -129.54
-203.16 -148.24
-271.83 -116.93
-197.16 -442.66
-84.97 -136.6
-76.99 -166.0
-143.43 -242.59
-155.21 -227.57
-475.28 -299.14
-294.12 -41.23
-319.11 -388.91
90.34 -153.93
203.95 -308.59
268.51 -77.92
276.85 -353.36
141.85 -447.76
75.74 -83.70
381.6 -320.22
320.92 -419.2
218.55 -336.39
260.60 -211.87
88.45 -467.98
385.79 -185.11
374.62 -415.91
200.96 -315.8
357.34 -138.96
48.30 -42.25
274.16 -355.13
235.52 -494.49
302.61 -415.73
354.87 -6.37
265.78 -271.42
54.57 -191.29
358.53 -271.15
68.37 -228.82
156.42 -395.58
