91.48 841.28
260.57 90.27
401.11 355.40
295.10 425.20
226.82 481.93
152.67 48.6
573.16 752.69
648.66 850.12
653.65 688.14
756.68 376.51
224.4 631.31
291.14 885.92
730.49 658.23
581.2 71.70
20.94 53.78
588.53 395.39
231.72 460.5
763.92 86.54
80.25 603.89
469.57 216.96
325.81 573.93
677.89 838.2
257.35 630.99
601.86 402.23
741.55 326.45
633.64 273.5
659.85 650.14
355.50 454.15
344.54 764.72
483.24 410.34
835.16 718.69
583.21 632.26
763.8 258.57
226.40 504.32
172.32 792.53
583.93 350.55
543.45 638.7
780.60 762.29
632.55 117.15
674.2 260.70
1.30 563.46
382.1 868.98
327.86 282.3
63.10 608.25
42.4 832.28
629.35 259.12
751.78 600.3
890.29 250.80
19.58 781.64
180.45 500.28
723.39 140.71
284.10 449.25
148.57 156.73
764.79 812.7
187.44 634.14
754.59 615.3
273.98 421.6
378.66 488.41
286.24 85.15
442.59 512.90
267.63 86.98
162.43 886.2
862.53 660.12
404.98 455.56
810.68 758.21
707.39 641.27
166.7 173.1
510.47 854.17
26.91 265.5
47.99 364.12
90.45 349.72
15.84 249.19
676.19 869.97
242.0 182.96
309.34 61.13
334.49 782.66
12.43 101.8
211.75 142.50
281.65 241.51
6.32 465.0
202.75 165.41
637.2 452.96
185.48 108.81
539.29 821.60
875.33 75.4
198.88 41.95
97.27 845.85
675.23 620.70
351.32 726.38
882.23 78.69
555.70 603.15
561.76 582.88
254.40 634.68
820.40 729.20
799.53 836.21
392.83 749.66
841.58 633.88
51.29 337.21
275.54 41.3
776.96 157.66
348.20 191.21
269.61 857.97
107.2 659.60
638.70 673.19
218.62 634.3
322.7 324.89
430.66 282.83
167.55 527.9
350.65 193.67
581.30 661.94
465.7 889.42
274.55 527.95
324.55 708.74
317.1 883.36
690.36 87.73
500.72 287.30
45.39 92.22
764.87 366.42
410.2 475.26
694.70 67.52
685.53 475.10
166.8 147.63
92.7 720.34
878.87 150.1
11.47 537.49
437.89 675.2
172.97 460.49
879.99 634.46
562.12 384.62
778.82 163.94
760.20 343.13
281.96 815.30
685.95 180.25
366.50 112.66
207.7 261.63
13.82 284.98
871.60 154.31
237.97 64.52
214.28 323.99
632.52 599.84
763.65 340.73
86.8 218.89
297.16 693.96
756.84 292.93
256.30 5.97
635.84 565.95
534.84 557.64
501.93 301.28
269.77 669.62
112.18 721.92
853.48 536.95
448.88 82.8
817.93 126.56
176.95 735.68
587.15 548.92
458.17 874.25
883.17 92.12
634.96 27.55
139.67 11.17
601.65 867.26
418.93 837.11
704.70 693.22
243.20 293.82
93.71 516.68
581.18 528.87
486.43 135.93
283.42 369.1
271.46 206.17
11.10 461.87
339.73 508.67
821.70 498.79
96.64 486.81
263.13 102.94
877.13 287.79
404.75 295.65
558.12 679.85
444.32 522.16
513.89 235.12
304.6 199.74
340.86 186.48
889.9 505.62
192.56 779.57
584.16 76.75
270.68 683.36
825.51 345.13
365.89 778.29
870.78 199.41
205.23 604.20
779.82 861.27
125.35 627.27
225.12 869.75
422.43 566.32
650.32 857.39
345.69 862.17
417.36 370.97
12.45 549.78
277.84 631.8
81.42 596.24
593.20 729.26
680.84 459.2
578.42 583.38
612.45 426.77
343.74 21.9
527.78 576.98
522.4 511.3
772.21 702.77
310.34 544.0
543.95 646.37
63.25 386.29
465.57 463.37
98.19 23.23
23.6 861.19
180.68 59.89
822.5 212.81
229.52 475.85
858.36 828.95
48.25 894.17
350.98 316.56
95.75 520.32
452.95 465.14
305.74 442.29
695.80 878.93
691.13 814.45
346.88 488.25
800.63 372.82
53.51 709.23
643.83 154.44
206.6 32.51
215.61 253.25
567.24 269.1
130.93 19.27
508.86 899.14
317.25 284.88
671.52 392.58
104.54 802.43
88.88 357.93
552.5 594.98
122.4 604.57
275.72 653.91
714.89 212.72
89.9 261.10
109.29 390.44
871.71 878.64
412.40 384.2
18.19 365.47
719.4 124.8
214.7 45.79
49.79 168.44
361.82 271.37
481.62 85.95
692.24 357.87
97.22 846.35
807.57 29.53
528.37 616.99
159.52 857.77
706.56 654.2
209.48 47.8
712.56 440.84
811.77 124.42
475.47 90.83
472.45 590.40
496.30 789.38
218.73 521.86
87.42 646.49
202.88 392.4
502.1 240.22
732.92 458.99
217.81 749.96
593.46 485.52
342.2 198.32
723.73 568.53
137.87 133.54
762.48 442.57
327.11 384.79
183.43 708.83
777.50 574.23
478.28 450.72
400.31 187.82
430.92 698.7
876.21 726.81
410.18 202.43
375.21 657.20
15.72 25.25
209.97 865.43
723.32 287.69
508.12 249.88
158.11 212.24
768.70 18.21
590.57 544.53
138.92 626.45
814.97 394.43
619.90 375.34
20.36 139.91
384.30 395.77
585.44 13.24
853.9 88.35
474.97 139.92
88.98 11.81
851.70 166.31
181.17 707.34
721.94 111.65
886.23 54.46
646.85 402.74
778.75 429.43
726.74 695.76
573.77 853.85
625.17 361.97
384.22 18.11
2.93 77.32
215.57 605.15
236.61 582.59
805.86 724.97
433.33 821.4
17.83 804.12
494.35 168.30
56.74 12.67
499.61 613.48
619.47 513.4
213.4 94.7
865.88 769.12
381.84 892.21
115.30 571.16
544.61 543.66
806.24 743.32
39.66 462.12
215.65 193.32
755.54 409.93
437.12 513.65
677.49 353.19
681.50 810.43
721.70 772.89
312.16 89.66
112.12 668.41
101.7 9.76
304.56 268.74
107.46 55.99
220.19 47.1
829.65 366.73
291.74 318.26
467.82 374.27
833.44 444.31
150.22 682.83
426.24 177.86
537.98 548.55
876.90 254.89
289.21 730.16
219.93 734.22
339.10 473.33
741.77 401.89
478.80 180.26
214.80 247.44
633.1 227.33
559.63 855.80
95.12 478.42
262.16 150.33
835.73 682.4
402.31 588.73
341.43 385.9
620.51 756.13
809.5 509.33
519.12 798.21
629.64 507.56
766.74 426.62
777.70 346.22
642.34 120.16
506.26 472.68
489.34 112.37
623.88 301.18
58.15 430.70
345.84 229.89
872.98 689.59
660.52 761.97
346.15 45.37
187.98 458.98
891.99 128.71
241.45 56.81
178.23 435.68
276.73 107.6
516.62 35.21
856.30 305.70
259.12 848.30
67.53 353.64
423.56 619.20
772.96 581.14
833.92 198.66
594.45 21.99
390.46 229.27
876.29 581.80
651.99 281.8
9.37 645.90
441.83 797.36
336.14 832.0
608.15 870.34
651.14 740.59
878.96 302.67
846.2 434.28
751.23 563.58
819.20 9.31
192.34 47.83
693.93 286.60
847.26 503.50
739.75 279.8
828.2 155.46
765.90 666.82
583.4 446.86
476.28 137.72
622.1 749.4
615.87 166.38
582.63 22.42
862.80 39.28
743.58 351.79
508.88 429.70
395.30 819.42
639.5 706.97
362.78 421.24
182.99 785.81
745.69 279.83
696.69 671.67
821.62 727.36
360.12 458.51
495.34 205.22
473.21 644.17
640.67 850.82
250.93 70.94
856.92 497.61
897.7 647.2
785.18 186.58
850.2 373.14
351.47 493.72
655.65 461.9
207.6 185.31
119.18 766.85
127.52 768.12
729.76 720.9
50.36 628.72
580.19 847.47
555.8 142.82
303.50 455.81
413.77 885.35
29.44 736.85
366.42 581.47
764.50 730.60
794.61 362.16
363.77 699.97
327.31 608.24
10.43 542.1
292.27 667.6
831.1 328.96
4.92 331.31
385.24 832.22
15.82 323.43
723.82 538.13
378.0 288.84
816.0 217.36
578.49 657.71
187.68 575.43
235.72 179.72
818.14 434.60
543.90 352.53
425.61 387.38
214.33 574.92
365.65 233.83
793.65 843.35
499.17 860.89
142.57 784.90
830.61 692.38
764.13 624.57
807.94 423.14
133.28 860.93
349.39 21.69
155.77 484.18
613.8 884.52
668.92 442.88
332.55 420.79
191.87 180.84
590.54 237.43
825.48 513.14
864.41 433.19
106.56 772.19
351.22 130.53
119.95 118.82
177.82 175.8
565.21 563.38
497.95 841.94
172.97 826.28
654.82 674.21
147.78 700.19
479.61 771.76
89.24 376.2
30.45 303.77
780.58 750.6
802.35 496.30
252.51 201.87
835.28 795.27
574.91 331.46
735.83 426.64
68.73 314.22
861.36 400.70
897.49 419.89
180.9 149.80
131.26 402.22
67.67 469.48
107.47 558.72
204.3 100.30
134.76 67.99
451.3 213.98
464.52 285.35
619.73 697.36
370.75 296.83
854.5 51.33
226.75 480.84
178.21 48.13
632.41 100.5
792.19 706.5
193.27 126.4
218.7 487.53
158.89 151.60
339.8 581.22
139.70 25.82
394.30 146.83
126.10 852.87
685.71 828.65
120.72 58.35
351.48 188.49
705.64 204.93
780.94 184.86
342.0 194.84
462.72 383.74
144.32 556.10
72.42 414.16
505.29 330.53
465.82 47.73
420.4 127.39
339.73 204.62
695.73 687.48
35.17 570.83
638.96 118.17
738.34 313.91
235.4 625.89
87.91 300.72
635.13 786.62
126.9 132.50
382.69 803.51
113.88 468.37
884.29 410.34
579.39 828.22
428.47 227.60
218.42 600.20
206.8 892.78
387.16 880.77
446.73 178.13
99.29 152.61
790.95 103.63
598.67 779.68
255.82 189.94
671.56 383.90
217.3 182.14
551.71 609.72
725.40 749.69
11.40 587.11
816.99 373.88
245.20 571.22
747.63 99.99
396.75 504.54
380.56 330.11
251.35 166.55
745.66 451.68
640.42 352.2
622.15 893.11
275.89 392.71
666.23 44.98
226.69 335.43
794.62 848.25
833.59 715.50
464.19 256.73
854.14 511.19
420.25 74.38
420.50 580.69
794.99 244.60
665.56 832.54
393.53 111.55
250.47 873.36
428.35 206.94
828.52 481.38
521.80 593.65
123.39 362.62
545.66 192.1
129.14 405.15
296.2 227.86
298.64 104.62
879.27 838.85
452.44 526.3
359.72 593.62
834.8 11.30
85.68 43.16
142.43 843.49
782.52 245.10
685.56 559.39
315.9 862.50
552.34 732.85
161.97 354.15
315.38 654.83
379.93 290.82
304.25 656.77
393.18 244.39
259.29 206.40
529.71 753.39
402.86 34.53
746.91 125.89
668.60 168.59
652.30 492.91
459.73 508.51
263.22 437.60
444.9 766.5
510.72 588.14
48.85 417.74
295.27 818.31
307.25 147.27
514.41 709.42
327.16 274.50
650.24 839.10
740.47 674.34
164.9 410.19
683.42 587.78
281.84 447.98
553.16 371.54
742.60 438.56
36.73 350.87
804.86 166.72
726.76 687.90
564.52 68.80
472.17 832.23
598.10 67.34
106.58 770.37
4.94 575.61
122.52 753.70
38.14 703.7
720.25 76.70
674.11 605.31
725.30 323.1
139.97 123.55
39.72 327.68
424.88 714.69
668.50 178.3
56.14 734.95
585.75 598.66
582.32 538.25
627.22 184.98
557.37 706.28
70.3 872.38
422.56 790.71
532.17 9.57
455.0 146.24
592.93 560.97
272.1 846.25
506.55 792.64
290.31 765.2
656.46 257.69
278.88 700.4
776.27 147.29
889.59 23.97
891.71 222.20
483.42 881.77
34.47 138.79
375.49 490.36
1.53 414.43
128.10 479.19
746.75 644.14
707.48 190.99
768.89 161.47
53.85 292.70
191.69 499.89
476.37 201.4
685.64 565.8
3.88 860.49
192.77 67.74
217.93 766.62
493.83 204.25
5.64 166.79
565.85 170.68
277.6 389.28
460.44 243.9
161.25 13.38
176.73 736.62
687.32 244.61
740.42 496.99
194.85 456.86
456.75 96.21
461.81 410.40
757.75 38.54
384.66 42.46
200.91 624.1
376.4 479.89
262.44 268.5
334.94 713.60
839.80 308.47
834.16 857.58
350.99 321.47
846.21 481.44
545.80 718.5
838.85 799.50
20.59 501.83
360.74 662.77
32.27 418.79
195.45 653.8
54.75 349.23
17.80 141.17
99.11 727.55
452.59 829.63
684.74 158.32
839.82 322.96
562.95 395.81
636.3 163.30
28.55 430.15
891.98 292.33
694.76 674.95
522.83 897.25
267.2 523.81
192.76 253.58
864.59 687.76
872.30 578.50
474.44 654.19
586.75 374.35
806.91 0.32
611.15 397.84
93.73 497.25
540.90 412.15
520.8 460.54
785.74 194.2
402.0 531.58
252.43 163.20
383.60 300.3
345.89 128.63
626.77 400.89
421.63 559.34
416.59 469.33
641.19 876.67
298.77 89.57
523.11 837.92
721.40 582.76
838.76 851.35
774.57 130.93
440.35 584.28
786.13 715.97
606.22 856.40
560.42 571.36
868.89 305.70
88.14 211.83
567.84 600.20
56.45 478.89
157.22 186.57
100.29 252.91
698.78 664.34
525.55 141.75
611.63 745.91
228.49 830.83
401.62 607.18
898.61 581.56
460.12 458.96
511.55 452.27
302.55 67.69
142.33 880.57
200.56 536.67
265.4 472.36
898.28 639.40
35.81 61.43
661.62 830.30
611.23 138.77
91.57 634.17
869.10 152.23
347.29 727.26
426.24 552.64
183.76 596.15
215.70 326.22
868.71 166.95
136.93 250.76
263.64 800.93
771.80 871.80
720.80 165.7
489.78 267.85
532.1 551.14
625.79 399.32
513.39 733.71
662.10 613.61
547.57 66.94
160.54 708.33
515.15 367.66
800.55 436.48
353.7 504.27
495.84 356.10
520.42 595.21
613.41 303.96
527.91 238.32
820.36 508.50
420.44 280.5
153.2 28.65
611.98 461.52
767.13 58.88
73.24 689.50
417.10 346.4
583.26 756.30
115.82 45.95
814.49 293.70
282.51 126.79
363.91 729.37
790.86 417.61
583.6 446.49
214.93 288.15
51.94 823.57
113.40 103.27
339.85 721.26
633.58 166.63
860.33 145.44
157.44 491.90
620.75 207.20
20.90 725.14
495.31 347.1
630.43 21.39
26.77 620.13
524.68 473.20
13.16 219.79
502.13 763.31
79.95 239.9
627.26 768.52
471.13 637.57
621.14 519.18
434.55 243.18
52.11 418.84
90.0 627.98
638.79 62.4
715.30 615.80
535.7 418.79
762.21 636.38
720.33 506.86
17.89 546.14
89.45 222.17
187.85 644.71
317.81 606.24
10.88 106.42
287.67 685.40
210.42 321.36
2.64 269.53
149.54 651.81
319.45 296.79
359.11 46.44
803.12 59.40
370.46 889.19
673.61 76.42
250.32 3.22
650.31 821.35
467.30 717.82
98.75 428.96
888.87 582.46
536.90 204.95
296.18 34.79
351.98 437.58
741.87 126.81
62.11 217.6
504.69 169.62
826.56 231.54
844.96 163.52
164.53 277.98
312.26 188.73
763.40 4.92
337.44 407.81
336.35 838.72
546.28 165.41
15.30 165.69
97.58 270.19
579.92 199.85
307.65 525.63
523.77 29.44
284.41 326.65
421.59 143.38
42.1 601.58
249.95 309.27
5.33 18.51
381.59 205.92
555.31 189.26
620.80 486.73
787.92 229.95
574.91 612.99
300.58 72.30
224.34 323.34
886.85 455.27
582.22 684.82
329.61 460.53
855.49 228.76
679.12 803.8
557.31 542.56
520.70 538.53
312.91 224.35
250.19 634.81
66.73 375.84
25.97 420.14
738.0 393.41
282.25 897.59
379.64 181.33
330.82 532.38
392.62 343.1
702.74 639.19
128.61 134.58
99.53 546.94
354.41 509.55
881.24 398.14
824.64 827.90
646.44 885.43
590.64 61.33
406.66 521.33
142.89 70.91
535.48 756.24
563.69 378.3
384.43 791.54
384.97 499.10
316.10 762.5
536.3 13.31
82.11 668.28
254.81 443.68
804.38 566.13
505.67 531.65
195.52 630.39
127.14 430.14
376.6 30.11
108.9 783.23
182.1 169.52
122.49 560.73
644.56 358.89
792.74 9.84
674.62 71.8
301.24 538.13
325.66 326.23
856.97 408.36
278.33 779.5
12.61 617.85
14.32 487.56
848.53 875.69
277.21 669.18
458.53 195.20
585.93 349.22
242.76 308.59
738.5 787.62
233.10 759.13
366.44 2.65
137.85 306.92
16.49 716.37
230.55 520.11
39.64 403.64
468.4 785.80
722.59 452.16
806.6 749.65
347.67 462.49
2.43 668.53
431.39 437.76
188.68 85.22
330.57 393.56
15.31 498.78
350.74 698.71
521.51 136.9
795.85 116.20
193.88 673.83
322.21 23.32
618.22 315.88
792.62 558.51
839.27 584.38
865.31 454.46
51.32 51.12
108.87 90.69
5.67 820.47
880.65 535.81
43.33 249.42
651.34 371.81
804.54 169.68
709.52 211.38
476.30 674.39
143.35 576.37
41.52 493.0
823.10 136.10
830.39 512.80
96.37 539.57
718.28 861.7
345.99 634.95
52.7 210.49
117.59 261.44
579.35 825.67
561.72 518.56
725.34 815.25
440.7 471.8
733.15 287.28
828.3 351.41
143.89 42.67
204.66 173.21
541.65 603.32
200.0 682.99
414.0 83.70
721.17 810.6
141.8 523.99
576.68 860.47
393.15 439.49
109.64 573.17
160.77 896.47
